# 250 data entries, rolled on my desk, thus a relatively small rolling length
-
20
1
20
5
5
1
5
-
-
---
5
20
1
---
5
5
-
5
5
5
10
1
5
15
5
1
1
5
5
20
5
5
20
10
5
-
-
5
20
1
-
5
5
-
5
20
20
-
20
1
5
5
-
5
5
-
5
1
5
10
20
5
-
20
5
1
5
5
5
10
1
1
5
-
1
5
-
-
20
5
5
5
5
-
5
5
-
5
1
1
-
5
5
20
5
1
-
5
10
1
5
-
-
15
5
1
5
1
15
5
-
-
-
5
5
5
5
5
10
20
5
1
5
5
5
20
20
5
20
1
5
5
20
5
5
1
10
1
-
-
5
1
5
5
5
1
1
5
-
5
5
10
5
1
-
20
5
-
1
1
5
10
5
1
-
1
1
10
20
10
-
5
-
5
20
1
5
-
-
5
5
-
5
10
-
1
5
5
-
1
-
1
15
5
5
-
20
5
5
5
5
-
10
5
-
5
5
1
20
10
1
5
20
-
10
5
5
20
5
20
5
5
5
5
1
1
1
5
5
1
5
5
-
5
5
20
1
20
5
5
1
5
10
5
-
1
5
1
20
