# 250 data points, this time i threw the pigs downwards onto the table instead of normally rolling them
20
-
5
15
-
5
5
20
1
5
5
1
1
5
1
1
1
1
1
-
-
5
-
5
5
20
-
-
5
1
5
5
5
5
-
5
5
5
20
20
5
1
-
5
5
-
5
5
1
1
5
5
5
-
1
5
5
5
5
5
1
5
10
5
-
5
5
5
20
20
5
5
5
-
5
1
10
5
-
-
-
-
5
1
5
-
5
20
-
5
1
10
-
5
5
-
-
-
5
5
5
15
5
-
20
1
-
5
10
5
20
1
5
-
5
5
5
1
-
1
1
-
5
20
5
5
5
5
5
5
5
1
10
-
-
1
1
15
1
1
5
5
5
1
5
-
5
5
20
-
5
1
10
1
5
5
-
10
1
-
20
---
5
-
-
5
-
5
-
5
5
10
5
5
1
5
20
-
5
1
5
5
5
5
5
5
1
1
-
5
5
5
1
5
5
20
5
5
5
5
1
5
1
-
-
20
-
10
1
5
1
1
-
5
-
10
5
1
15
1
5
5
5
20
5
10
-
20
20
-
5
5
-
-
1
1
20
5
5
-
-
5
5
5
10
5
5
1
10
5
